,A,R,N,D,C,Q,E,G,H,I,L,K,M,F,P,S,T,W,Y,V,-
A,4.0,-1.0,-2.0,-2.0,0.0,-1.0,-1.0,0.0,-2.0,-1.0,-1.0,-1.0,-1.0,-2.0,-1.0,1.0,0.0,-3.0,-2.0,0.0,-4.0
R,-1.0,5.0,0.0,-2.0,-3.0,1.0,0.0,-2.0,0.0,-3.0,-2.0,2.0,-1.0,-3.0,-2.0,-1.0,-1.0,-3.0,-2.0,-3.0,-4.0
N,-2.0,0.0,6.0,1.0,-3.0,0.0,0.0,0.0,1.0,-3.0,-3.0,0.0,-2.0,-3.0,-2.0,1.0,0.0,-4.0,-2.0,-3.0,-4.0
D,-2.0,-2.0,1.0,6.0,-3.0,0.0,2.0,-1.0,-1.0,-3.0,-4.0,-1.0,-3.0,-3.0,-1.0,0.0,-1.0,-4.0,-3.0,-3.0,-4.0
C,0.0,-3.0,-3.0,-3.0,9.0,-3.0,-4.0,-3.0,-3.0,-1.0,-1.0,-3.0,-1.0,-2.0,-3.0,-1.0,-1.0,-2.0,-2.0,-1.0,-4.0
Q,-1.0,1.0,0.0,0.0,-3.0,5.0,2.0,-2.0,0.0,-3.0,-2.0,1.0,0.0,-3.0,-1.0,0.0,-1.0,-2.0,-1.0,-2.0,-4.0
E,-1.0,0.0,0.0,2.0,-4.0,2.0,5.0,-2.0,0.0,-3.0,-3.0,1.0,-2.0,-3.0,-1.0,0.0,-1.0,-3.0,-2.0,-2.0,-4.0
G,0.0,-2.0,0.0,-1.0,-3.0,-2.0,-2.0,6.0,-2.0,-4.0,-4.0,-2.0,-3.0,-3.0,-2.0,0.0,-2.0,-2.0,-3.0,-3.0,-4.0
H,-2.0,0.0,1.0,-1.0,-3.0,0.0,0.0,-2.0,8.0,-3.0,-3.0,-1.0,-2.0,-1.0,-2.0,-1.0,-2.0,-2.0,2.0,-3.0,-4.0
I,-1.0,-3.0,-3.0,-3.0,-1.0,-3.0,-3.0,-4.0,-3.0,4.0,2.0,-3.0,1.0,0.0,-3.0,-2.0,-1.0,-3.0,-1.0,3.0,-4.0
L,-1.0,-2.0,-3.0,-4.0,-1.0,-2.0,-3.0,-4.0,-3.0,2.0,4.0,-2.0,2.0,0.0,-3.0,-2.0,-1.0,-2.0,-1.0,1.0,-4.0
K,-1.0,2.0,0.0,-1.0,-3.0,1.0,1.0,-2.0,-1.0,-3.0,-2.0,5.0,-1.0,-3.0,-1.0,0.0,-1.0,-3.0,-2.0,-2.0,-4.0
M,-1.0,-1.0,-2.0,-3.0,-1.0,0.0,-2.0,-3.0,-2.0,1.0,2.0,-1.0,5.0,0.0,-2.0,-1.0,-1.0,-1.0,-1.0,1.0,-4.0
F,-2.0,-3.0,-3.0,-3.0,-2.0,-3.0,-3.0,-3.0,-1.0,0.0,0.0,-3.0,0.0,6.0,-4.0,-2.0,-2.0,1.0,3.0,-1.0,-4.0
P,-1.0,-2.0,-2.0,-1.0,-3.0,-1.0,-1.0,-2.0,-2.0,-3.0,-3.0,-1.0,-2.0,-4.0,7.0,-1.0,-1.0,-4.0,-3.0,-2.0,-4.0
S,1.0,-1.0,1.0,0.0,-1.0,0.0,0.0,0.0,-1.0,-2.0,-2.0,0.0,-1.0,-2.0,-1.0,4.0,1.0,-3.0,-2.0,-2.0,-4.0
T,0.0,-1.0,0.0,-1.0,-1.0,-1.0,-1.0,-2.0,-2.0,-1.0,-1.0,-1.0,-1.0,-2.0,-1.0,1.0,5.0,-2.0,-2.0,0.0,-4.0
W,-3.0,-3.0,-4.0,-4.0,-2.0,-2.0,-3.0,-2.0,-2.0,-3.0,-2.0,-3.0,-1.0,1.0,-4.0,-3.0,-2.0,11.0,2.0,-3.0,-4.0
Y,-2.0,-2.0,-2.0,-3.0,-2.0,-1.0,-2.0,-3.0,2.0,-1.0,-1.0,-2.0,-1.0,3.0,-3.0,-2.0,-2.0,2.0,7.0,-1.0,-4.0
V,0.0,-3.0,-3.0,-3.0,-1.0,-2.0,-2.0,-3.0,-3.0,3.0,1.0,-2.0,1.0,-1.0,-2.0,-2.0,0.0,-3.0,-1.0,4.0,-4.0
-,-4.0,-4.0,-4.0,-4.0,-4.0,-4.0,-4.0,-4.0,-4.0,-4.0,-4.0,-4.0,-4.0,-4.0,-4.0,-4.0,-4.0,-4.0,-4.0,-4.0,1.0
